SetDesc: 'Set generated with APFEL++. Name: SHKS22_Xi_FF_NLO'
Author: Maryam Soleymaninia, Hadi Hashamipour, Hamzeh Khanpour, Hubert Spiesberger
Reference:  arXiv:2202.05586v2
Format: lhagrid1
DataVersion: 1
NumMembers: 301
Particle: 0000
Flavors: [-5, -4, -3, -2, -1, 21, 1, 2, 3, 4, 5]
OrderQCD: 1
FlavorScheme: variable
NumFlavors: 5
XMin: 0.010000
XMax: 1
QMin: 1.000000
QMax: 15000.000000
MZ: 91.187600
MUp: 0.000000
MDown: 0.000000
MStrange: 0.000000
MCharm: 1.510000
MBottom: 4.920000
ThresholdUp: 0.000000
ThresholdDown: 0.000000
ThresholdStrange: 0.000000
ThresholdCharm: 1.510000
ThresholdBottom: 4.920000
AlphaS_MZ: 0.118000
AlphaS_OrderQCD: 1
AlphaS_Type: ipol
AlphaS_Qs: [1.000000, 1.063385, 1.133873, 1.212478, 1.300391, 1.399013, 1.510000, 1.510000, 1.643090, 1.795018, 1.969156, 2.169602, 2.401361, 2.670577, 2.984835, 3.353550, 3.788481, 4.304403, 4.920000, 4.920000, 5.617665, 6.452227, 7.456597, 8.672972, 10.155842, 11.976081, 14.226563, 17.029959, 20.549614, 25.004887, 30.692970, 38.020211, 47.547535, 60.056987, 76.650233, 98.896001, 129.053311, 170.413477, 227.830592, 308.555007, 423.560445, 589.686700, 833.149465, 1195.376727, 1742.867086, 2584.115230, 3899.168266, 5992.159544, 9386.418666, 15000.000000, 15000.000000]
AlphaS_Vals: [0.455502, 0.433736, 0.413307, 0.394098, 0.376004, 0.358935, 0.342809, 0.342809, 0.328135, 0.314142, 0.300790, 0.288043, 0.275869, 0.264237, 0.253117, 0.242484, 0.232314, 0.222582, 0.213267, 0.213267, 0.205577, 0.198136, 0.190936, 0.183972, 0.177237, 0.170725, 0.164430, 0.158346, 0.152466, 0.146786, 0.141299, 0.136000, 0.130883, 0.125944, 0.121175, 0.116574, 0.112134, 0.107850, 0.103719, 0.099734, 0.095892, 0.092188, 0.088618, 0.085177, 0.081862, 0.078667, 0.075590, 0.072626, 0.069772, 0.067023, 0.067023]
