SetDesc: 'Set generated with APFEL++. Name: SHKS22_Xi_FF_NNLO'
Author: Maryam Soleymaninia, Hadi Hashamipour, Hamzeh Khanpour, Hubert Spiesberger
Reference:  arXiv:2202.05586v2
Format: lhagrid1
DataVersion: 1
NumMembers: 301
Particle: 0000
Flavors: [-5, -4, -3, -2, -1, 21, 1, 2, 3, 4, 5]
OrderQCD: 2
FlavorScheme: variable
NumFlavors: 5
XMin: 0.010000
XMax: 1
QMin: 1.000000
QMax: 15000.000000
MZ: 91.187600
MUp: 0.000000
MDown: 0.000000
MStrange: 0.000000
MCharm: 1.510000
MBottom: 4.920000
ThresholdUp: 0.000000
ThresholdDown: 0.000000
ThresholdStrange: 0.000000
ThresholdCharm: 1.510000
ThresholdBottom: 4.920000
AlphaS_MZ: 0.118000
AlphaS_OrderQCD: 2
AlphaS_Type: ipol
AlphaS_Qs: [1.000000, 1.063385, 1.133873, 1.212478, 1.300391, 1.399013, 1.510000, 1.510000, 1.643090, 1.795018, 1.969156, 2.169602, 2.401361, 2.670577, 2.984835, 3.353550, 3.788481, 4.304403, 4.920000, 4.920000, 5.617665, 6.452227, 7.456597, 8.672972, 10.155842, 11.976081, 14.226563, 17.029959, 20.549614, 25.004887, 30.692970, 38.020211, 47.547535, 60.056987, 76.650233, 98.896001, 129.053311, 170.413477, 227.830592, 308.555007, 423.560445, 589.686700, 833.149465, 1195.376727, 1742.867086, 2584.115230, 3899.168266, 5992.159544, 9386.418666, 15000.000000, 15000.000000]
AlphaS_Vals: [0.472925, 0.447650, 0.424376, 0.402851, 0.382869, 0.364258, 0.346872, 0.346872, 0.332524, 0.317752, 0.303742, 0.290439, 0.277796, 0.265769, 0.254317, 0.243405, 0.233001, 0.223075, 0.213600, 0.213889, 0.206108, 0.198586, 0.191317, 0.184291, 0.177503, 0.170945, 0.164610, 0.158490, 0.152581, 0.146875, 0.141366, 0.136048, 0.130915, 0.125961, 0.121182, 0.116571, 0.112123, 0.107834, 0.103697, 0.099708, 0.095863, 0.092157, 0.088585, 0.085143, 0.081827, 0.078632, 0.075555, 0.072592, 0.069738, 0.066991, 0.066991]
